LEGENDA : 
9 = SAÍDA
14 = VIDA EXTRA
6 = PLUTÔNIO R+1
17 = BÔNUS.
----------------------- 1 fase ------------------------

{0,0,3,3,1,0,3,0,3,1,0,3,0,1,3,3,3},
{0,1,0,1,0,1,3,1,0,1,3,1,0,1,3,1,3},
{3,0,3,0,3,3,0,3,3,3,3,3,3,3,3,0,0},
{0,1,3,1,0,1,3,1,3,1,3,1,3,1,3,1,0},
{3,3,3,0,1,0,3,0,3,0,3,0,3,3,0,0,0},
{0,1,3,1,3,1,3,1,3,1,0,1,0,1,3,1,0},
{3,3,0,3,3,3,3,0,3,0,0,3,3,3,1,0,3},
{3,1,3,1,0,1,0,1,0,1,3,1,0,1,0,1,1},
{3,0,3,3,3,3,1,3,3,3,3,0,0,0,0,0,3},
{0,1,3,1,0,1,0,1,0,1,0,1,0,1,3,1,3},
{3,3,1,3,3,3,1,3,3,1,0,0,1,3,3,3,9}

---------------------- BONUS --------------------------
{0,0,3,3,3,3,3,3,3,3,3,9,3,3,3,3,3},
{0,3,3,3,3,3,3,3,8,3,3,3,3,3,9,6,3},
{3,3,3,3,3,8,3,3,3,3,3,3,3,3,3,3,3},
{3,3,9,3,3,3,3,3,3,3,3,8,3,3,3,3,3},
{3,3,3,3,3,6,9,3,3,3,3,3,3,6,3,3,3},
{3,3,3,3,3,3,3,3,3,3,3,3,3,3,3,3,3},
{3,3,3,3,3,9,3,3,3,3,9,3,3,3,3,3,3},
{3,9,3,8,3,3,3,3,3,3,3,8,3,3,3,3,3},
{3,3,3,9,6,3,3,3,3,3,3,3,3,3,9,3,3},
{3,3,3,3,3,9,3,3,3,9,3,8,3,3,3,3,3},
{3,3,3,3,3,3,9,3,3,3,3,3,3,3,3,3,3}

--------------------IVO---------------------------------

{0,3,0,0,1,0,1,0,0,1,0,0,0,1,0,0,8},
{0,0,0,3,0,1,0,1,3,0,0,0,1,0,3,3,3},
{3,0,0,1,0,3,0,0,3,0,0,1,0,0,3,3,9},
{0,3,0,3,0,3,0,3,0,0,0,0,0,1,3,3,3},
{0,0,0,1,1,0,0,3,0,3,0,0,0,0,1,1,3},
{1,3,0,1,1,1,1,1,1,1,1,1,1,0,0,0,1},
{0,3,0,1,3,0,0,1,3,0,0,3,1,1,0,0,0},
{3,3,1,1,3,3,0,3,0,1,1,3,1,1,0,3,3},
{0,3,1,1,3,0,0,0,0,0,3,3,1,1,0,3,3},
{0,3,1,1,1,1,3,3,3,1,1,1,1,1,0,0,1},
{3,3,1,3,3,3,0,0,0,0,0,0,0,0,3,3,1}

------------------FASE-------------------------------

{0,3,1,0,0,1,0,0,1,0,0,3,1,0,0,0,3},
{0,3,3,0,3,0,0,1,0,3,0,3,0,1,0,1,3},
{0,0,1,0,1,3,1,0,0,1,3,3,0,3,3,3,3},
{0,0,1,0,3,3,3,0,1,1,1,3,1,3,0,3,3},
{1,0,0,3,0,3,3,0,1,0,3,3,1,1,1,1,3},
{0,0,3,0,1,0,3,0,1,0,3,9,1,3,1,3,0},
{0,0,1,0,0,3,0,0,3,0,3,1,1,3,0,3,0},
{0,3,0,3,3,0,1,0,3,1,1,1,1,3,1,0,3},
{0,1,1,0,0,0,3,0,3,0,1,0,0,0,3,3,0},
{0,3,0,3,3,1,1,0,0,1,3,1,0,0,3,0,0},
{0,0,0,0,0,3,1,0,3,3,0,3,0,0,3,0,0}


------------------FASE BOMBA R 3-----------------------

{0,1,1,1,1,1,1,1,1,1,1,1,1,1,1,1,1},
{0,14,0,3,0,3,0,3,0,3,0,3,0,3,0,3,3},
{0,1,1,1,1,1,1,1,1,1,1,1,1,1,1,1,1},
{0,14,0,3,0,3,0,3,0,3,0,3,0,3,0,3,3},
{0,1,1,1,1,1,1,1,1,1,1,1,1,1,1,1,1},
{0,14,0,3,0,3,0,3,0,3,0,3,0,3,0,3,3},
{0,1,1,1,1,1,1,1,1,1,1,1,1,1,1,1,1},
{0,14,0,3,0,3,0,3,0,3,0,3,0,3,0,3,9},
{0,1,1,1,1,1,1,1,1,1,1,1,1,1,1,1,1},
{0,14,0,3,0,3,0,3,0,3,0,3,0,3,0,3,3},
{0,1,1,1,1,1,1,1,1,1,1,1,1,1,1,1,1}